camera_matrix:
- - 5069.684793436291
  - 0.0
  - 519.9420845501143
- - 0.0
  - 5215.601152106101
  - 910.9426319658294
- - 0.0
  - 0.0
  - 1.0
dist_coeff:
- - -0.23440037945230996
  - 30.094546122796935
  - -0.02533429560816653
  - -0.09270518839988952
  - -325.3463060762521
